17217	1.9808627112404487
17030	1.9808627112404487
13685	1.8561566479192075
25500	1.7408706150312159
4053	1.3379955849723573
2323	1.3379955849723573
7722	1.2868256832216889
2451	1.2579721507849766
13690	1.1665574617139396
79404	1.1444998648059939
40234	1.1385591464989264
37816	1.0347446734943255
86541	1.0276495360508788
36588	0.9999734423759353
76103	0.9815033896235829
75767	0.961502792485638
5316	0.960612130896407
24251	0.9222218099318508
37815	0.894594997471633
43262	0.8525927230356023
43200	0.5493008025771395
43868	0.5134080944725482
47661	0.0996638471249969
43612	0.09659845773641629
67741	0.09656883083164897
47712	0.09624733501746913
18151	0.09611514299142382
35765	0.09595354207854005
38335	0.0953769619098415
84403	0.09510435840208752
30405	0.09510435840208752
85209	0.09501674167091517
85642	0.09501674167091517
43994	0.09434118562388781
67983	0.09409292797436263
86209	0.09301380345820864
56691	0.09221399750469088
38143	0.09071387355167333
86289	0.08763906736205374
86276	0.0870511457453165
33766	0.08525613625937256
33767	0.08525613625937256
35652	0.08525613625937256
38629	0.0779832765100437
24446	0.0777584073477874
24826	0.0777584073477874
86255	0.07750002544876598
78846	0.07688775268767047
12556	0.07660222053234049
12557	0.07660222053234049
86259	0.07628507836222646
82337	0.07510763612071318
80504	0.07510763612071318
81997	0.07231714096788834
65408	0.07178374066209979
35766	0.07151998037724454
13607	0.06754878856175169
18364	0.06463290277446583
86961	0.05817275301198866
86042	0.05817275301198866
31267	0.05791312960683289
32579	0.05791312960683289
31268	0.05791312960683289
25467	0.0504787198066562
12293	0.0
36580	0.0
69316	0.0
23253	0.0
