26568	0.9329446479580685
59502	0.9045075152946214
58957	0.8984446394594165
60118	0.8895894428911296
16170	0.8644554178629629
62536	0.8412066786062901
80756	0.7380624564300822
31504	0.7178384008553838
77349	0.7131301786580668
31515	0.6880564862073832
41975	0.658503607130297
73034	0.6483059177012203
41857	0.5612405075082327
40119	0.5612405075082327
63056	0.2671889951084452
39433	0.26320222297468554
13484	0.25288415015324944
49907	0.23263398467791593
62835	0.21801071979955966
62836	0.21771633885471364
77102	0.21771633885471364
77104	0.21683794682349083
36601	0.18746413489618602
28455	0.1337412850534731
28440	0.1335197808756591
22961	0.0
14855	0.0
31141	0.0
6635	0.0
7937	0.0
27966	0.0
