46494	1.54756937926117
72899	1.439146221381689
72826	1.4228609192349126
76669	1.3137254099490328
16900	1.1046930201099583
20126	0.9782057089818004
55197	0.9363911363587548
75465	0.8642586998006111
44081	0.8546809993738327
35148	0.8482217458012709
21791	0.8440253969043325
41297	0.8430781679251547
83946	0.8376170297300518
75593	0.8351961432679601
9660	0.8073836332878745
83428	0.7710507776591927
82198	0.7678236718728608
83268	0.7293558550725392
78782	0.6699641393666463
67400	0.6617100258547551
64275	0.6569955151475331
83266	0.6520917710315064
46509	0.6466520623050402
86751	0.6423829727704843
75590	0.6397131118243458
83427	0.6382620511796325
83880	0.6340589057536867
86881	0.6340589057536867
73475	0.6269238383325992
83958	0.6178245148945936
83312	0.6120554533822554
72821	0.6093630559422951
81788	0.6001040509430484
83336	0.568511893948025
43886	0.5622923271217601
72895	0.46374805007714204
8369	0.4611367104921147
82927	0.4442369617189857
83913	0.44041757952126803
83332	0.4348279748159661
3142	0.19742258176477176
16727	0.19536069167785242
24499	0.1913634746636652
9413	0.19085806280150072
75714	0.1903629867492336
73037	0.18878831363591336
55879	0.1837566679973052
16655	0.1721402520950693
58611	0.17198515501715064
22875	0.16928416333414983
49804	0.1678347992417624
58426	0.16490937084707058
22696	0.16125758106829177
31459	0.15767269637126224
75487	0.15359418489258173
83185	0.14617286358209883
63773	0.13859173891606283
83339	0.13237985828868443
11669	0.12148921625222585
24827	0.10355406252902923
24350	0.10317328209198107
11360	0.0
83364	0.0
71186	0.0
47225	0.0
67535	0.0
85393	0.0
51258	0.0
15746	0.0
11342	0.0
64685	0.0
58143	0.0
