2552	7.213843165388958
77971	5.096475436065195
37732	3.3136047876664705
20899	2.929474656178628
75463	1.146168338587154
77921	0.7090831870737174
40341	0.5290111985323864
74775	0.5140607075477612
21088	0.4663806172751673
49872	0.4303836673015051
50734	0.42295632260770316
20785	0.4140816194076421
21089	0.4113504829540789
62056	0.39288342908667995
62544	0.39288342908667995
65378	0.3908230055221247
22407	0.39077239249414736
56318	0.3866668592112937
82540	0.38590856205482205
67787	0.3782880561497517
62620	0.36614480716788667
47714	0.35985624309077047
68024	0.34116926090634736
67551	0.33932301808779197
56248	0.3190145829932442
56045	0.3190145829932442
20892	0.318931267438189
66012	0.3175265084486669
60709	0.3175265084486669
48174	0.31626393898411426
50408	0.31587551412346915
50413	0.31372848179715485
48181	0.31372848179715485
22692	0.3104388050225183
20823	0.3104388050225183
48342	0.30262953550513755
22894	0.3025080354232446
47663	0.3018533898862236
5014	0.29988747700928936
64742	0.29925136416353804
47257	0.2988240670020154
46942	0.2988240670020154
18110	0.2983696058697428
18216	0.2983696058697428
67894	0.28734275050292163
59382	0.27634788649292086
59561	0.27634788649292086
22446	0.27256797385956116
20837	0.27256797385956116
25174	0.1566910075483316
60030	0.14057956099030314
60088	0.13966046168655077
56055	0.13966046168655077
73012	0.13534101099787327
7576	0.10566315575244473
30182	0.10543147324744462
67793	0.10228296218669641
69536	0.10082452865762875
69426	0.10067756502331893
56244	0.0916312221534034
56066	0.012311230190546966
47015	0.012078262240128299
36554	0.011948200989160364
46725	0.011832606769134859
38479	0.01182591804275748
36618	0.01182591804275748
37729	0.011683887268855345
56319	0.011628975052362638
4976	0.011586324771207208
4973	0.011566063405501845
4955	0.011558189724507615
8466	0.011558189724507615
35333	0.011327528833808477
21110	0.011255342327671716
44872	0.01123982378083617
58956	0.011097279154148942
58787	0.011097279154148942
50366	0.010964846110140102
47078	0.01094914936419993
47003	0.010942143242819313
67886	0.010786262592756344
10228	0.010697659757607315
49889	0.010625547036690532
48268	0.010603744119252486
56253	0.010535567702466409
56252	0.010520108059942234
56150	0.010520108059942234
65477	0.010499051800989277
54749	0.01037728555774497
54315	0.01037728555774497
65544	0.009827280338503868
66119	0.009827280338503868
68513	0.00981814319149748
53572	0.009785125163058806
59417	0.0094401460251759
59577	0.0094401460251759
67968	0.00888620088631217
57866	0.007615967076708295
