17217	8.81458576289476
17030	8.81458576289476
13685	7.059531333860445
25500	2.55643013006023
13690	1.7083624538474118
36588	1.5440730395768165
79404	1.4193247934398174
24251	1.3764956001225062
2451	1.351762951626875
4053	1.3379955849723573
2323	1.3379955849723573
40234	1.3354799224377578
43262	1.3203764492159917
7722	1.2868256832216889
86541	1.2374572275629716
76103	1.1207895432648805
75767	1.096425782589623
37816	1.0347446734943255
5316	0.960612130896407
37815	0.894594997471633
43868	0.8130312004850722
43200	0.7800534040121608
36580	0.6584057044916848
25467	0.6155797863471322
18151	0.3122970852257435
43994	0.2924270937248324
38143	0.27920605818950744
82337	0.25792823241635154
80504	0.25792823241635154
86209	0.23353703098915035
43612	0.21589416385829258
23253	0.12472943044241623
69316	0.10949437769723057
47661	0.0996638471249969
67741	0.09656883083164897
47712	0.09624733501746913
35765	0.09595354207854005
38335	0.0953769619098415
84403	0.09510435840208752
30405	0.09510435840208752
85209	0.09501674167091517
85642	0.09501674167091517
67983	0.09409292797436263
56691	0.09221399750469088
86289	0.08763906736205374
86276	0.0870511457453165
33766	0.08525613625937256
33767	0.08525613625937256
35652	0.08525613625937256
38629	0.0779832765100437
24446	0.0777584073477874
24826	0.0777584073477874
86255	0.07750002544876598
78846	0.07688775268767047
12556	0.07660222053234049
12557	0.07660222053234049
86259	0.07628507836222646
81997	0.07231714096788834
65408	0.07178374066209979
35766	0.07151998037724454
13607	0.06754878856175169
18364	0.06463290277446583
86961	0.05817275301198866
86042	0.05817275301198866
31267	0.05791312960683289
32579	0.05791312960683289
31268	0.05791312960683289
12293	0.0
