5177	8.692685479689723
5176	8.692685479689723
2829	4.93554508584565
83932	3.5263905529528383
10810	1.6194964288994598
22662	1.2899595602470848
54765	1.0601631359504713
80518	1.0235597464694277
82392	0.8769340784371299
81929	0.8530083520645237
8780	0.8474605162516289
76314	0.31977210897861935
8938	0.29485084863427885
67204	0.21948297155306046
49709	0.2120881598830694
61652	0.20643059611461012
84420	0.20538002906514644
63369	0.2040988341196027
82290	0.2031934379590393
78878	0.20011745462104144
57755	0.19861215518663877
82981	0.1918315625768581
5650	0.1909746479417199
54814	0.19048386418147142
56511	0.1902008774545878
33970	0.18993429946952647
14838	0.1881973989739059
19961	0.18576501681562266
14942	0.18350448478385653
79295	0.18175381568540486
10759	0.1792298035968943
54925	0.17659672824469877
43241	0.17642971626868775
32662	0.17252445375898115
50264	0.17108406165668555
26058	0.15737514454769866
49600	0.14546563107726873
35073	0.13563789310117827
49460	0.12511851047287487
84364	0.10023816915467802
58553	0.09680129296925946
58507	0.09040790411409476
50314	0.0
85265	0.0
52263	0.0
22169	0.0
52301	0.0
44714	0.0
63616	0.0
76353	0.0
84272	0.0
77920	0.0
80449	0.0
