17004	8.285153445859182
15074	6.2265115460263685
13294	6.2265115460263685
7320	4.498966757073211
13309	2.6790886467367594
14772	2.233757316723228
3885	2.0063037290617434
49980	2.0050038424351575
75621	1.9984914116747479
79669	1.9984914116747479
7289	1.9012022335065835
44187	1.8262319769827795
79604	1.7872897300962747
6604	1.7583418329170852
43938	1.664894442147287
9820	1.6195087351387183
15410	1.6153556509820992
14556	1.5784470512245583
34792	1.5255568672812858
45221	1.4971893187987468
11445	1.4634656013083227
58913	1.460154679380146
9819	1.4402196283911217
16992	1.4374266334848382
15415	1.4374022743686385
50029	1.3754807288454376
14439	1.3541901067419855
46229	1.307980550937372
37711	1.2483430286781882
9384	1.2407835165631078
29645	1.2246560473143762
3868	1.1262951657765736
75560	1.1047195848924196
29520	0.9668046893845135
62800	0.9390571298953212
47899	0.8163765301748014
17857	0.7677160463553091
46302	0.714142448470536
38684	0.7034359129616453
10675	0.6838434692932045
14486	0.6776096474351462
15288	0.6716125117462804
7730	0.6651656910501766
17782	0.6613687393642955
13221	0.6531566304439947
16632	0.6290326677968181
75389	0.6244137727461504
45050	0.6094450588235418
14655	0.5966260599479397
17787	0.5332425635090681
71564	0.5051701028924869
34744	0.45233639095270894
33391	0.4399380154070082
42245	0.43001864361331127
71726	0.3700970275071406
39215	0.36957291551055255
81408	0.20370401861408782
28141	0.07389666983402263
25392	0.07380421557864165
29535	0.07369357538896733
75327	0.07343263069912669
20412	0.07303258231402629
59764	0.07220126792276811
20858	0.07083593337889597
23121	0.07081917526834208
77066	0.07076123206868998
80049	0.07051139473310199
54296	0.06991483292953157
77009	0.06960831889852798
82630	0.06950989288857756
73898	0.06926504134795684
9993	0.06924889966289756
65688	0.0686364270751457
18345	0.0686116563618253
5108	0.0685753539328753
5140	0.06846863894285175
13518	0.06700161840984298
57102	0.060581780106955946
73326	0.0
68028	0.0
31141	0.0
