59502	11.247616360492216
60118	10.953271318482269
58957	10.761619764910236
62536	7.088124893054833
26568	5.447219334612457
77349	1.3080860745689151
36601	1.1865809846260496
16170	1.1823824508996046
73034	1.0897084515015414
31504	1.0549838831015033
31515	0.9571970209585041
41975	0.9220433119723388
80756	0.9087803282610549
41857	0.8292191677118155
40119	0.8292191677118155
49907	0.8241293707449919
28455	0.4440623021012582
28440	0.44342243332548037
63056	0.4337039970887281
39433	0.26320222297468554
13484	0.25288415015324944
62835	0.21801071979955966
62836	0.21771633885471364
77102	0.21771633885471364
77104	0.21683794682349083
22961	0.0
14855	0.0
31141	0.0
6635	0.0
7937	0.0
27966	0.0
