60155	11.111099243463975
60221	10.597890286301912
62292	6.293899025352713
65284	5.1968416218535
55848	3.6475733773384134
58503	1.9685588319050504
62212	1.963964434086906
39304	1.507851790598011
75561	1.3675350694538853
62213	1.3509707927637442
35053	1.184360510903427
52215	1.0237654671275842
19505	0.9567887131783264
58514	0.8648482302686032
19480	0.8066365162105574
50327	0.7936580361079801
27814	0.7378290084074897
41320	0.7364864497215868
75641	0.7211301552510296
59351	0.7087077794215029
39883	0.6756091188051432
85214	0.6507101427751276
39972	0.6403650122103219
39864	0.6359461510133608
86878	0.6135406963987301
85236	0.6092889794830412
75471	0.5971425105695058
25144	0.5020711197285703
82226	0.4820266142611272
80497	0.481398762109874
78720	0.47385535535820034
17505	0.4721037343448311
83965	0.4717402255927446
51691	0.45794220484469655
81592	0.4410230110953369
9954	0.4404810340831894
70026	0.3905781104028939
6119	0.33853671122053214
43628	0.32102950202381036
57150	0.3089774787036443
71517	0.30415317749186455
83332	0.30316977228970693
76612	0.29725608849604207
83429	0.27998130087088735
25765	0.2759554331733177
33060	0.2562678126011403
80643	0.24939282433193732
83314	0.23637299555927843
83315	0.23037034051871683
49518	0.18766942314057933
82966	0.1704232926010629
63259	0.15212929103497105
61475	0.1497043705366781
47192	0.0
61663	0.0
28710	0.0
