58476	9.49315460013332
26061	8.882491993287886
73038	7.713963895469803
57914	7.374181428496443
11922	3.8231413378823715
76635	2.666687360098729
12769	2.5364494591495395
12767	2.4707587134033555
78836	2.377740583615767
82227	2.0405495870187336
25096	1.7541598503827809
65414	1.7238173256224978
24515	1.6888491233145135
26611	1.5311132011956512
33172	1.4255430030273621
29908	1.4072356733594276
28662	1.401834815150357
86929	1.2818152490832257
86912	1.2812222493888916
65036	1.1927678944387505
65446	1.164308730490581
9790	1.0616779854291367
61689	1.049158423451635
64645	1.0476567798034655
14713	1.020371292073628
53502	1.0072887256358891
9479	0.987566716320736
70306	0.9803486225114254
3835	0.9101458621559377
10182	0.9084535063106548
32366	0.8773119038244019
33203	0.8614150710391159
26603	0.8561786490621345
17587	0.7809322508856402
64657	0.7368751091735454
8455	0.7349711925569351
3976	0.7318966911397123
4358	0.7260478743398513
24485	0.7223324248087353
17517	0.7212049666339431
16922	0.7112140311407197
11485	0.6990742447711343
3972	0.6972206251861773
4881	0.6946291445795658
4933	0.6920352044792595
20201	0.6841927781025181
11930	0.6790937109024369
6503	0.678823113499992
29894	0.6683074506478559
11979	0.6680274769950374
25699	0.6674921972037123
25100	0.6618417360981514
29911	0.6602451929925646
11923	0.6578650510814779
13345	0.6575698410666222
30486	0.6341069060316671
47516	0.6328967748416124
6497	0.628073320282433
35396	0.6255225041227511
27870	0.6229923235927716
14707	0.6221534725562137
38442	0.6179928758293932
27384	0.609836420780543
24490	0.6018924637914467
21895	0.6011094361886167
29904	0.49722603905365165
85372	0.4644341837854613
81494	0.4302184543727009
71368	0.37882362795033475
67861	0.3673033449008338
33668	0.3425174687310723
76766	0.3337603641117278
41541	0.3232262188697022
81731	0.29526819170764074
20766	0.2654867560250993
3827	0.2620274081868451
9703	0.2561293833895015
6735	0.23436825637652803
65394	0.22395096475741635
68909	0.21116644801343445
28657	0.20023455667218776
75563	0.20023455667218776
53523	0.19940645339037014
65306	0.19602473457955202
68419	0.19602473457955202
7115	0.19602473457955202
29920	0.19584409014753737
30456	0.1954544850817648
6498	0.19313471382199668
3834	0.19164202869674285
7502	0.19162794144535744
54745	0.1905271251103509
6636	0.1903286709469764
15082	0.1883221815701051
3837	0.18619428277828237
13320	0.18618098502301203
15200	0.18600474771865877
36447	0.18479346570228727
4310	0.18479346570228727
4439	0.18375660762875093
77310	0.18204141478735686
3265	0.18171741037324665
49815	0.1803829048039404
67280	0.17337988659636686
29906	0.17066928876560636
79021	0.16978449278977298
5862	0.16521635162835135
13314	0.16493899097933254
73598	0.15855089041640597
19033	0.15804081262033173
76690	0.15076535129276078
3828	0.15030406478808664
39349	0.14938990847665443
73762	0.1482627324352334
6534	0.1469323722941931
58755	0.14476737835934056
73706	0.14455438284498986
53469	0.1432894565126831
65364	0.1432894565126831
64626	0.14308078458300963
4306	0.14225213942914275
73641	0.14122973332441796
12479	0.14102701316882169
11481	0.1406233137583007
8333	0.1404223295270521
66107	0.14002207967814986
46736	0.13962410503173653
51210	0.13962410503173653
16897	0.13805457483388361
73614	0.13805457483388361
4395	0.13805457483388361
13342	0.13747506013007382
73320	0.13723812445715536
70668	0.13670989995314578
53682	0.1359532101055482
49884	0.1357653446729701
3833	0.13520485071157265
12812	0.13391485710165751
13335	0.13373257901298974
20688	0.13318870993071452
19601	0.133008401940863
13313	0.13264924658872881
16899	0.13264924658872881
19599	0.13229202562858003
15077	0.13211413566837915
20127	0.13158332470791112
71001	0.1308821764827498
7118	0.12882285962957002
44163	0.1286541712017365
16954	0.12706881967733707
47551	0.12699127085235284
20133	0.12240316938183392
54780	0.09736762565290227
44758	0.0
25205	0.0
76675	0.0
26080	0.0
20156	0.0
41594	0.0
9726	0.0
54762	0.0
16390	0.0
64664	0.0
22751	0.0
22858	0.0
73746	0.0
78982	0.0
19615	0.0
33188	0.0
29314	0.0
25103	0.0
23377	0.0
29935	0.0
22690	0.0
24550	0.0
13332	0.0
12825	0.0
19781	0.0
37078	0.0
11083	0.0
29913	0.0
17619	0.0
19634	0.0
20705	0.0
8327	0.0
17609	0.0
9358	0.0
44865	0.0
79759	0.0
49856	0.0
11960	0.0
56829	0.0
20160	0.0
6635	0.0
16575	0.0
7937	0.0
48805	0.0
27386	0.0
20199	0.0
