72134	6.0614570958113925
64896	4.82546438789745
63379	3.8631753366457406
74605	3.601686435462231
23698	3.4140341062684847
75564	2.900888058819317
3666	1.3235986589859257
76550	1.3069114449827595
72032	1.3069114449827595
11852	1.2083072689700927
11744	1.1265162532755268
21265	0.9084459130547752
30864	0.7324548378016835
60421	0.7100540268334443
44232	0.6241784943950859
37657	0.5731995038381965
20778	0.4799130185133451
11690	0.4734425205534054
21673	0.46455366993866753
28717	0.45318304720913405
2510	0.44823241508384304
2511	0.44823241508384304
7041	0.4445407719739369
62309	0.4344462481101794
78628	0.43190165674333747
77431	0.4303692736639595
77430	0.4303692736639595
77687	0.38383445536591637
43129	0.38315584413868303
5185	0.3518255798942363
5189	0.3518255798942363
2977	0.35131355831745525
85188	0.35055717730457264
13519	0.33881949983280707
15334	0.33881949983280707
5175	0.33431584578384177
8511	0.3285497818140367
8828	0.3285497818140367
13600	0.3281604758825206
41351	0.30969875647886397
12097	0.29786010017771625
15211	0.29786010017771625
29116	0.21913859506126587
21077	0.21755615795129807
8872	0.20137723918552675
33769	0.16191394134487522
16678	0.11043368872532382
15583	0.11043368872532382
81564	0.08997034738460752
8310	0.0
7799	0.0
7798	0.0
