17217	9.503195704938314
17030	9.503195704938314
13685	7.75091921888367
25500	2.55643013006023
13690	1.8912540183808022
36588	1.5440730395768165
79404	1.5076905362720476
24251	1.3764956001225062
2451	1.351762951626875
4053	1.3379955849723573
2323	1.3379955849723573
40234	1.3354799224377578
43262	1.3203764492159917
7722	1.2868256832216889
86541	1.2374572275629716
76103	1.1207895432648805
75767	1.096425782589623
37815	1.056965525949579
37816	1.0347446734943255
43200	0.9613810014121477
5316	0.960612130896407
43868	0.9417195507354432
25467	0.7646327099490121
36580	0.6584057044916848
43994	0.5104604313014633
43612	0.33451946304273444
18151	0.3122970852257435
86276	0.29775283998848845
38143	0.27920605818950744
86289	0.26398844316539966
86259	0.26092819958454566
82337	0.25792823241635154
80504	0.25792823241635154
86209	0.23353703098915035
35765	0.20421986802514935
69316	0.19802617309844237
86961	0.15389998515575823
86042	0.15389998515575823
23253	0.12472943044241623
47661	0.0996638471249969
67741	0.09656883083164897
47712	0.09624733501746913
38335	0.0953769619098415
84403	0.09510435840208752
30405	0.09510435840208752
85209	0.09501674167091517
85642	0.09501674167091517
67983	0.09409292797436263
56691	0.09221399750469088
33766	0.08525613625937256
33767	0.08525613625937256
35652	0.08525613625937256
38629	0.0779832765100437
24446	0.0777584073477874
24826	0.0777584073477874
86255	0.07750002544876598
78846	0.07688775268767047
12556	0.07660222053234049
12557	0.07660222053234049
81997	0.07231714096788834
65408	0.07178374066209979
35766	0.07151998037724454
13607	0.06754878856175169
18364	0.06463290277446583
31267	0.05791312960683289
32579	0.05791312960683289
31268	0.05791312960683289
12293	0.0
