41275	5.543489785392217
51082	5.3865610876187535
51080	5.3865610876187535
34033	3.098560645838857
68177	1.016391163094657
65942	0.9173720590356825
51488	0.8097069996481527
65019	0.6995638473894996
26074	0.5728380414437794
82059	0.4916204659929706
13902	0.4900474799482716
63311	0.36008318782636745
63307	0.3136008311463233
62314	0.3102518246577469
63279	0.18070507696500274
67199	0.1771197763659657
36308	0.14632973585132214
64393	0.14258134673247574
35105	0.13031388591125762
28125	0.017178296265805044
71547	0.017178296265805044
38614	0.017178296265805044
52752	0.017178296265805044
82567	0.017178296265805044
13151	0.017175691530478623
62324	0.015606244756769605
